product_id,product_name
1,Sony WH-1000XM4 Wireless Bluetooth Headphones
2,Apple iPhone 15 Pro Silicone Case
3,Anker PowerLine III USB-C Cable
4,Rain Design mStand Laptop Stand
5,Logitech MX Master 3S Wireless Mouse
6,Corsair K95 RGB Platinum Keyboard
7,Anker PowerPort III 65W Phone Charger
8,ZAGG InvisibleShield iPad Screen Protector
9,JBL Flip 6 Portable Bluetooth Speaker
10,Apple Watch Series 9 45mm GPS
11,Anker PowerCore 26800 Power Bank
12,Microsoft Xbox Wireless Controller
13,Logitech C920s HD Pro Webcam
14,Blue Yeti USB Microphone
15,VIVO Dual Monitor Stand
16,Amazon Basics High-Speed HDMI Cable
17,ASUS AX6000 WiFi 6 Router
18,Seagate Backup Plus 4TB External Hard Drive
19,SanDisk Ultra 128GB MicroSD Card
20,Amazon Basics RJ45 Cat-6 Ethernet Cable
21,Tomtoc 360 Protective Laptop Bag
22,Belkin MagSafe Car Phone Mount
23,Belkin BoostCharge Pro 15W Wireless Charger
24,Bose QuietComfort 45 Noise Cancelling Headphones
25,Amazon Echo Dot 5th Gen Smart Home Hub
26,Govee Immersion WiFi LED Strip Lights
27,Ring Stick Up Cam Battery Security Camera
28,DJI Mini 3 Pro Drone
29,Meta Quest 3 128GB VR Headset
30,Razer BlackWidow V4 Gaming Keyboard
31,Corsair Vengeance LPX 32GB DDR4 RAM
32,Samsung 980 PRO 2TB NVMe SSD
33,NVIDIA GeForce RTX 4080 Graphics Card
34,ASUS ROG Strix Z790-E Gaming Motherboard
35,Noctua NH-D15 CPU Cooler
36,Fractal Design Define 7 PC Case
37,Samsung 65-inch Neo QLED 4K Smart TV
38,Roku Ultra 4K HDR Streaming Device
39,Sonos Beam Gen 2 Smart Sound Bar
40,Logitech Harmony Elite Universal Remote
41,J Channel Cable Management Raceway
42,APC Back-UPS Pro 1500VA Surge Protector
43,CyberPower CP1500PFCLCD UPS Battery
44,Netgear ProSAFE 16-Port Gigabit Switch
45,TP-Link RE650 AC2600 Wi-Fi Extender
46,Ring Video Doorbell Pro 2 Smart Doorbell
47,Nest Learning Thermostat 4th Gen
48,August Wi-Fi Smart Lock Pro
49,Fitbit Charge 5 Advanced Fitness Tracker
50,Amazon Kindle Paperwhite 11th Gen E-Reader
51,Epson Home Cinema 2150 Wireless Projector
52,Hanes Beefy-T 100% Cotton T-Shirt
53,Levi's 511 Slim Fit Denim Jeans
54,Champion Powerblend Fleece Hoodie
55,Adidas Ultraboost 22 Running Sneakers
56,Brooks Brothers Non-Iron Dress Shirt
57,Dockers Alpha Khaki Slim Tapered Pants
58,Nike Air Max 270 Running Shoes
59,Patagonia Better Sweater Fleece Jacket
60,Polo Ralph Lauren Classic Fit Polo Shirt
61,Patagonia Baggies 5-inch Shorts
62,Champion Powerblend Fleece Sweatpants
63,Timberland 6-Inch Premium Waterproof Boots
64,J.Crew Ludlow Slim-Fit Suit Blazer
65,Patagonia Better Sweater Fleece Sweater
66,Zara High-Waisted Mini Skirt
67,Reformation Silk Midi Dress
68,Birkenstock Arizona Soft Footbed Sandals
69,Lululemon Align High-Rise Leggings
70,Uniqlo Heattech Cotton Tank Top
71,L.L.Bean Fisherman Knit Cardigan
72,Canada Goose Expedition Parka Coat
73,Acne Studios Oversized Wool Scarf
74,Patagonia P-6 Logo Trucker Hat
75,The North Face Etip Recycled Gloves
76,Smartwool PhD Outdoor Light Crew Socks
77,Calvin Klein Cotton Classics Underwear
78,Eberjey Gisele Long PJ Set
79,Patagonia Baggies Swim Shorts
80,Lululemon Swiftly Tech Long Sleeve Workout Top
81,Hugo Boss Huge6/Genius5 Slim Fit Suit
82,Hermès H-pattern Silk Tie
83,Gucci GG Marmont Leather Belt
84,Patagonia Black Hole 25L Backpack
85,Hermès Birkin 30 Togo Leather Handbag
86,Montblanc Meisterstück 6CC Wallet
87,Ray-Ban Aviator Classic Sunglasses
88,Rolex Submariner Date 41mm Watch
89,Tiffany & Co. T Smile Necklace
90,Chanel No. 5 Eau de Parfum
91,Tom Ford Oud Wood Cologne
92,Lululemon Align High-Rise Pant Activewear
93,Alo Yoga 7/8 High-Waist Leggings
94,Lululemon Energy Bra High Support Sports Bra
95,Patagonia Houdini Windbreaker
96,Moncler Genius Down Puffer Jacket
97,Patagonia Torrentshell 3L Raincoat
98,Zimmermann Silk Maxi Formal Dress
99,Allbirds Tree Runners Casual Shoes
100,Christian Louboutin So Kate 120mm High Heels
